s_min.solition[0] [64, 187, 18, 166, 117, 53, 182, 41]
s_min.solition[1] [2, 0, 2, 0, 2, 0, 2, 0]
s_min.solition[2] [[[[[4, 0, 1]], [], [], []], [[], [[60, 0, 0]], [], []]],
                   [[[[139, 0, 1]], [], [], []], [[], [[48, 0, 0]], [], []]],
                   [[[[5, 0, 0]], [], [], []], [[], [[13, 0, 1]], [], []]],
                   [[[[43, 0, 1]], [], [], []], [[], [[123, 0, 0]], [], []]],
                   [[[[34, 0, 0]], [], [], []], [[], [[83, 0, 1]], [], []]],
                   [[[[50, 0, 0]], [], [], []], [[], [[3, 0, 1]], [], []]],
                   [[[[17, 0, 1]], [], [], []], [[], [[165, 0, 0]], [], []]],
                   [[[[11, 0, 1]], [], [], []], [[[5, 0, 2]], [[25, 0, 0]], [], []]]]
s_min.solition[3] [[[64, 9576, 460], [2, 0, 1], [1, 0, 0]],
                   [[187, 64, 9437, 412], [0, 2, 0, 1], [2, 1, 0, 0]],
                   [[18, 187, 64, 9432, 399], [2, 0, 2, 0, 1], [3, 2, 1, 0, 0]],
                   [[166, 18, 187, 64, 9389, 276], [0, 2, 0, 2, 0, 1], [4, 3, 2, 1, 0, 0]],
                   [[117, 166, 18, 187, 64, 9355, 193], [2, 0, 2, 0, 2, 0, 1], [5, 4, 3, 2, 1, 0, 0]],
                   [[53, 117, 166, 18, 187, 64, 9305, 190], [0, 2, 0, 2, 0, 2, 0, 1], [6, 5, 4, 3, 2, 1, 0, 0]],
                   [[182, 53, 117, 166, 18, 187, 64, 9288, 25], [2, 0, 2, 0, 2, 0, 2, 0, 1], [7, 6, 5, 4, 3, 2, 1, 0, 0]],
                   [[41, 182, 53, 117, 166, 18, 187, 64, 9272], [0, 2, 0, 2, 0, 2, 0, 2, 0], [8, 7, 6, 5, 4, 3, 2, 1, 0]]]
s_min.solition[4] [0.07, 0.22, 0.02, 0.19, 0.13, 0.06, 0.21, 0.04]
s_min.solition[5] [[[4, 0, 0, 0], [0, 60, 0, 0]],
                   [[143, 0, 0, 0], [0, 108, 0, 0]],
                   [[148, 0, 0, 0], [0, 121, 0, 0]],
                   [[191, 0, 0, 0], [0, 244, 0, 0]],
                   [[225, 0, 0, 0], [0, 327, 0, 0]],
                   [[275, 0, 0, 0], [0, 330, 0, 0]],
                   [[292, 0, 0, 0], [0, 495, 0, 0]],
                   [[303, 0, 0, 0], [5, 520, 0, 0]]]
